4294967279,98
4294967279,97
4294967278,108
4294967278,107
4294967279,305
4294967278,309
4294967279,304
4294967279,303
4294967278,308
4294967279,302
4294967278,307
4294967278,109
4294967279,301
4294967278,306
4294967279,300
4294967278,114
4294967279,299
4294967278,305
4294967279,161
4294967279,160
4294967294,36
5,6
4294967278,118
4294967278,117
4294967278,116
4294967278,115
4294967279,298
4294967279,260
4294967279,0
4294967278,304
4294967294,6
4294967279,158
4294967278,119
4294967279,157
4294967294,424
4294967278,303
4294967294,75
4294967294,423
4294967294,50
4294967294,980
4294967294,97
4294967294,39
4294967294,41
4294967294,161
4294967294,419
4294967294,15
4294967294,468
4294967294,52
4294967294,145
4294967294,162
4294967294,18
4294967294,127
4294967294,14
4294967294,126
4294967294,20
4294967294,13
4294967294,12
4294967294,201
4294967294,68
4294967294,11
4294967294,81
4294967278,132
4294967278,131
4294967278,130
4294967278,129
4294967278,128
4294967278,127
4294967278,126
4294967278,125
4294967278,124
4294967278,123
4294967278,122
4294967278,121
4294967278,120
4294967278,113
4294967278,112
4294967278,111
4294967278,110
4294967279,96
4294967279,95
4294967279,94
4294967279,93
4294967279,92
4294967279,91
4294967279,90
4294967279,89
4294967279,87
4294967279,86
4294967279,85
4294967279,84
4294967279,83
4294967279,82
4294967279,81
4294967279,80
4294967279,79
4294967279,78
4294967279,77
4294967279,76
4294967279,75
4294967279,74
4294967279,73
4294967279,72
4294967279,71
4294967279,70
4294967279,69
4294967279,68
4294967279,67
4294967279,66
4294967279,65
4294967279,64
4294967279,63
4294967279,62
4294967279,61
4294967279,60
4294967279,59
4294967279,58
4294967279,57
4294967279,56
4294967279,55
4294967279,54
4294967279,53
4294967279,52
4294967279,51
4294967279,50
4294967279,49
4294967279,48
4294967279,47
4294967279,46
4294967279,45
4294967279,44
4294967279,41
4294967279,40
4294967279,39
4294967279,38
4294967279,37
4294967279,36
4294967279,35
4294967279,34
4294967279,33
4294967279,32
4294967279,31
4294967279,30
4294967279,29
4294967279,28
4294967279,27
4294967279,26
4294967279,25
4294967279,24
4294967279,23
4294967279,22
4294967279,21
4294967279,20
4294967279,19
4294967279,18
4294967279,17
4294967279,16
4294967279,15
4294967279,14
4294967279,13
4294967279,12
4294967279,11
4294967279,10
4294967279,9
4294967279,8
4294967279,7
4294967279,6
4294967279,5
4294967279,4
4294967294,22
4294967294,5
4294967294,0
4294967294,128
4294967294,185
0,5
4294967294,17
4294967294,76
4294967279,297
4294967279,43
4294967294,67
4294967294,186
4294967294,25
4294967294,83
4294967294,91
4294967294,88
4294967294,85
4294967294,144
4294967294,29
4294967294,28
4294967294,1010
4294967294,27
4294967294,26
4294967294,416
4294967294,51
4294967294,427
4294967294,44
4294967294,43
4294967294,40
4294967294,38
4294967294,82
4294967294,93
4294967294,95
4294967278,302
4294967279,296
4294967279,42
4294967278,301
4294967278,260
4294967278,0
4294967294,7
4294967294,9
4294967294,8
5,7
4294967278,300
4294967279,295
4294967278,299
4294967278,298
4294967279,294
4294967278,297
4294967279,293
4294967278,296
4294967279,292
4294967278,295
5,5
5,4
5,3
5,2
5,1
4294967278,294
4294967278,293
4294967278,292
4294967279,291
4294967278,291
4,4
4,3
4,2
4,1
4294967278,290
4294967278,289
4294967278,288
4294967278,287
4294967278,286
4294967278,285
4294967278,284
3,5
3,4
3,3
3,2
3,1
4294967294,469
4294967279,290
4294967293,131
4294967293,130
4294967293,129
4294967293,128
4294967293,127
4294967293,126
4294967293,125
4294967293,124
4294967293,123
4294967293,122
4294967293,121
4294967293,120
4294967293,119
4294967293,118
4294967293,117
4294967293,116
